-0.01
-0.02
-0.02
-0.01
-0.01
0.0
0.0
-0.01
-0.01
0.0
0.0
-0.02
-0.03
-0.02
-0.02
-0.05
-0.07
-0.05
-0.04
-0.04
-0.05
-0.07
-0.07
-0.05
-0.07
-0.08
-0.05
-0.02
0.01
0.09
0.16
0.26
0.42
0.65
0.91
1.07
0.98
0.45
-0.19
-0.49
-0.53
-0.49
-0.41
-0.36
-0.34
-0.34
-0.34
-0.33
-0.33
-0.32
-0.32
-0.33
-0.32
-0.32
-0.31
-0.31
-0.29
-0.29
-0.27
-0.27
-0.29
-0.3
-0.3
-0.26
-0.24
-0.22
-0.21
-0.21
-0.2
-0.19
-0.18
-0.18
-0.16
-0.13
-0.11
-0.11
-0.11
-0.1
-0.08
-0.07
-0.07
-0.1
-0.11
-0.11
-0.13
-0.14
-0.14
-0.13
-0.13
-0.12
-0.12
-0.11
-0.09
-0.09
-0.08
-0.07
-0.08
-0.09
-0.08
-0.08
-0.01
-0.02
-0.02
-0.01
-0.01
-0.02
-0.02
-0.01
-0.01
0.0
0.0
-0.01
-0.01
0.0
0.0
-0.02
-0.03
-0.02
-0.02
-0.05
-0.07
-0.05
-0.04
-0.04
-0.05
-0.07
-0.07
-0.05
-0.07
-0.08
-0.05
-0.02
0.01
0.09
0.16
0.26
0.42
0.65
0.91
1.07
0.98
0.45
-0.19
-0.49
-0.53
-0.49
-0.41
-0.36
-0.34
-0.34
-0.34
-0.33
-0.33
-0.32
-0.32
-0.33
-0.32
-0.32
-0.31
-0.31
-0.29
-0.29
-0.27
-0.27
-0.29
-0.3
-0.3
-0.26
-0.24
-0.22
-0.21
-0.21
-0.2
-0.19
-0.18
-0.18
-0.16
-0.13
-0.11
-0.11
-0.11
-0.1
-0.08
-0.07
-0.07
-0.1
-0.11
-0.11
-0.13
-0.14
-0.14
-0.13
-0.13
-0.12
-0.12
-0.11
-0.09
-0.09
-0.08
-0.07
-0.08
-0.09
-0.08
-0.08
-0.01
-0.02
-0.02
-0.01
-0.01
-0.02
-0.02
-0.01
-0.01
0.0
0.0
-0.01
-0.01
0.0
0.0
-0.02
-0.03
-0.02
-0.02
-0.05
-0.07
-0.05
-0.04
-0.04
-0.05
-0.07
-0.07
-0.05
-0.07
-0.08
-0.05
-0.02
0.01
0.09
0.16
0.26
0.42
0.65
0.91
1.07
0.98
0.45
-0.19
-0.49
-0.53
-0.49
-0.41
-0.36
-0.34
-0.34
-0.34
-0.33
-0.33
-0.32
-0.32
-0.33
-0.32
-0.32
-0.31
-0.31
-0.29
-0.29
-0.27
-0.27
-0.29
-0.3
-0.3
-0.26
-0.24
-0.22
-0.21
-0.21
-0.2
-0.19
-0.18
-0.18
-0.16
-0.13
-0.11
-0.11
-0.11
-0.1
-0.08
-0.07
-0.07
-0.1
-0.11
-0.11
-0.13
-0.14
-0.14
-0.13
-0.13
-0.12
-0.12
-0.11
-0.09
-0.09
-0.08
-0.07
-0.08
-0.09
-0.08
-0.08
-0.01
-0.02
-0.02
-0.01
-0.01
-0.02
-0.02
-0.01
-0.01
0.0
0.0
-0.01
-0.01
0.0
0.0
-0.02
-0.03
-0.02
-0.02
-0.05
-0.07
-0.05
-0.04
-0.04
-0.05
-0.07
-0.07
-0.05
-0.07
-0.08
-0.05
-0.02
0.01
0.09
0.16
0.26
0.42
0.65
0.91
1.07
0.98
0.45
-0.19
-0.49
-0.53
-0.49
-0.41
-0.36
-0.34
-0.34
-0.34
-0.33
-0.33
-0.32
-0.32
-0.33
-0.32
-0.32
-0.31
-0.31
-0.29
-0.29
-0.27
-0.27
-0.29
-0.3
-0.3
-0.26
-0.24
-0.22
-0.21
-0.21
-0.2
-0.19
-0.18
-0.18
-0.16
-0.13
-0.11
-0.11
-0.11
-0.1
-0.08
-0.07
-0.07
-0.1
-0.11
-0.11
-0.13
-0.14
-0.14
-0.13
-0.13
-0.12
-0.12
-0.11
-0.09
-0.09
-0.08
-0.07
-0.08
-0.09
-0.08
-0.08
-0.01
-0.02
-0.02
-0.01